[[-1.00000000e+00 -1.00000000e+00 -1.00000000e+00 -1.00000000e+00
  -1.00000000e+00 -1.00000000e+00 -1.00000000e+00 -7.42602456e-01
  -4.87246860e-01 -1.37934718e-01  3.40592026e-01  2.28834632e-01
   1.43934971e-01  9.96849668e-02  5.77536068e-02  2.55570830e-02
   6.60836692e-04 -1.82472061e-02 -3.22529141e-02 -5.10609654e-03
  -3.49432468e-02 -1.65259855e-02 -5.11376660e-02 -3.22716767e-02
  -2.30252558e-02 -5.74957034e-02 -4.71658960e-02 -3.66910086e-02
  -2.73537851e-02 -6.95197780e-02 -5.84172176e-02 -4.70451831e-02
  -3.57752651e-02 -3.57752651e-02 -3.66256216e-02 -3.72832225e-02
  -7.88699417e-02 -6.72363676e-02 -5.54812496e-02 -4.37135725e-02
  -4.37135725e-02 -4.37135725e-02 -4.37135725e-02 -4.37135725e-02
  -4.37135725e-02 -4.37135725e-02 -4.37135725e-02 -4.37135725e-02
  -4.37135725e-02 -4.37135725e-02 -4.45007124e-02 -4.50518038e-02
  -4.53568770e-02 -4.54073510e-02 -4.54586189e-02 -4.55109010e-02
  -4.55614737e-02 -4.48320744e-02 -4.51175642e-02 -4.46353012e-02
  -4.43946001e-02 -4.41455605e-02 -4.41455605e-02 -4.41455605e-02
  -4.41455605e-02 -4.41455605e-02 -4.41455605e-02 -4.41455605e-02
  -4.41455605e-02 -4.41455605e-02 -4.41455605e-02 -4.41455605e-02
  -4.41455605e-02 -4.41455605e-02 -4.41455605e-02 -4.41455605e-02
  -4.41455605e-02 -4.41455605e-02 -4.41455605e-02 -4.41455605e-02
  -4.41455605e-02 -4.41455605e-02 -4.41455605e-02 -4.41455605e-02
  -4.41455605e-02 -4.41455605e-02 -4.41455605e-02 -4.41455605e-02
  -4.41455605e-02 -4.41455605e-02 -4.41455605e-02 -4.41455605e-02
  -4.41455605e-02 -4.41455605e-02 -4.41455605e-02 -4.41455605e-02
  -4.41455605e-02 -4.41455605e-02 -4.41455605e-02 -4.41455605e-02
  -4.41455605e-02 -4.41455605e-02 -4.41455605e-02 -4.41455605e-02
  -4.41455605e-02 -4.41455605e-02 -4.41455605e-02 -4.41455605e-02
  -4.41455605e-02 -3.59816783e-02 -2.48222776e-02 -1.31547020e-02
  -2.58418449e-02 -2.15213893e-02 -1.72434587e-02 -1.39216545e-02
  -3.87994726e-02 -3.42744452e-02 -2.97598921e-02 -2.55187173e-02
  -2.55187173e-02 -2.55187173e-02 -2.55187173e-02 -2.62229368e-02
  -2.67923850e-02 -2.72230173e-02 -2.75141660e-02 -2.78158637e-02
  -2.81256519e-02 -2.84410746e-02 -2.87596242e-02 -2.90793329e-02
  -2.93979664e-02 -2.97135382e-02 -3.00242396e-02 -3.03281898e-02
  -3.06237498e-02 -3.09090466e-02 -3.11832026e-02 -3.14443697e-02
  -3.16917396e-02 -3.12411285e-02 -3.09379101e-02 -3.07859098e-02
  -3.07859098e-02 -3.07859098e-02 -3.07859098e-02 -3.07859098e-02
  -3.07859098e-02 -3.07859098e-02 -3.07859098e-02 -3.07859098e-02
  -3.07859098e-02 -3.07859098e-02 -3.07859098e-02 -3.07859098e-02
  -3.07859098e-02 -3.07859098e-02 -3.07859098e-02 -3.07859098e-02
  -3.07859098e-02 -3.07859098e-02 -3.07859098e-02 -3.07859098e-02
  -3.07859098e-02 -3.07859098e-02 -3.07859098e-02 -3.07859098e-02
  -3.07859098e-02 -3.07859098e-02 -3.07859098e-02 -3.07859098e-02
  -3.07859098e-02 -3.07859098e-02 -3.07859098e-02 -3.07859098e-02
  -3.07859098e-02 -3.07859098e-02 -3.07859098e-02 -3.07859098e-02
  -3.07859098e-02 -3.07859098e-02 -3.07859098e-02 -3.07859098e-02
  -3.07859098e-02 -3.07859098e-02 -3.07859098e-02 -3.07859098e-02
  -3.07859098e-02 -3.07859098e-02 -3.07859098e-02 -3.07859098e-02
  -3.07859098e-02 -3.07859098e-02 -3.07859098e-02 -3.07859098e-02
  -3.07859098e-02 -3.07859098e-02 -3.07859098e-02 -3.07859098e-02
  -1.64331635e-02 -9.95291158e-03 -3.30173382e-03  3.35349845e-03
   2.67080198e-03 -1.92339657e-02 -1.69763439e-02 -1.49140455e-02
  -1.32597191e-02 -1.32597191e-02 -1.32597191e-02 -1.38838759e-02
  -1.44418073e-02 -1.49342430e-02 -1.53660014e-02 -1.58108344e-02
  -1.62658395e-02 -1.67279609e-02 -1.71945270e-02 -1.76628371e-02
  -1.81302330e-02 -1.85942295e-02 -1.90526828e-02 -1.95032136e-02
  -1.99439001e-02 -2.03725444e-02 -2.07876492e-02 -2.11874358e-02
  -2.15703995e-02 -2.19350533e-02 -2.16679691e-02 -2.14911592e-02
  -2.14047270e-02 -2.14047270e-02 -2.14047270e-02 -2.14047270e-02
  -2.14047270e-02 -2.14047270e-02 -2.14047270e-02 -2.14047270e-02
  -2.14047270e-02 -2.14047270e-02 -2.14047270e-02 -2.14047270e-02
  -2.14047270e-02 -2.14047270e-02 -2.14047270e-02 -2.14047270e-02
  -2.14047270e-02 -2.14047270e-02 -2.14047270e-02 -2.14047270e-02
  -2.14047270e-02 -2.14047270e-02 -2.14047270e-02 -2.14047270e-02
  -2.14047270e-02 -2.14047270e-02 -2.14047270e-02 -2.14047270e-02
  -2.14047270e-02 -2.14047270e-02 -2.14047270e-02 -2.14047270e-02
  -2.14047270e-02 -2.14047270e-02 -2.14047270e-02 -2.14047270e-02
  -2.14047270e-02 -2.14047270e-02 -2.14047270e-02 -2.14047270e-02
  -2.14047270e-02 -2.14047270e-02 -2.14047270e-02 -2.14047270e-02
  -2.14047270e-02 -2.14047270e-02 -2.14047270e-02 -2.14047270e-02
  -2.14047270e-02 -2.14047270e-02 -2.14047270e-02 -2.14047270e-02
  -2.14047270e-02 -2.14047270e-02 -2.14047270e-02 -2.14047270e-02
  -2.14047270e-02 -2.14047270e-02 -2.14047270e-02 -2.14047270e-02
  -2.14047270e-02 -2.14047270e-02 -2.14047270e-02 -2.14047270e-02
  -2.14047270e-02 -2.14047270e-02 -4.02301763e-03 -1.55542496e-04]]
-------------------------------------------------------------------------------