[ 0.51798497  0.09687017  0.03155082 -0.27366527  0.99014169  0.91081258 -0.99471968  0.22875697 -0.46993259 -0.76391243],6.827866800016155e-06
[ 0.51798498  0.09687017  0.03155082 -0.27366527  0.99014169  0.91081258 -0.99471968  0.22875697 -0.46993259 -0.76391243],6.827866952709829e-06
[ 0.51798497  0.09687018  0.03155082 -0.27366527  0.99014169  0.91081258 -0.99471968  0.22875697 -0.46993259 -0.76391243],6.827866944318093e-06
[ 0.51798497  0.09687017  0.03155084 -0.27366527  0.99014169  0.91081258 -0.99471968  0.22875697 -0.46993259 -0.76391243],6.827866934464192e-06
[ 0.51798497  0.09687017  0.03155082 -0.27366526  0.99014169  0.91081258 -0.99471968  0.22875697 -0.46993259 -0.76391243],6.827866924134602e-06
[ 0.51798497  0.09687017  0.03155082 -0.27366527  0.9901417   0.91081258 -0.99471968  0.22875697 -0.46993259 -0.76391243],6.827866917889059e-06
[ 0.51798497  0.09687017  0.03155082 -0.27366527  0.99014169  0.91081260 -0.99471968  0.22875697 -0.46993259 -0.76391243],6.827866896909751e-06
[ 0.51798497  0.09687017  0.03155082 -0.27366527  0.99014169  0.91081258 -0.99471966  0.22875697 -0.46993259 -0.76391243],6.827866862406571e-06
[ 0.51798497  0.09687017  0.03155082 -0.27366527  0.99014169  0.91081258 -0.99471968  0.22875698 -0.46993259 -0.76391243],6.827866842812988e-06
[ 0.51798497  0.09687017  0.03155082 -0.27366527  0.99014169  0.91081258 -0.99471968  0.22875697 -0.46993258 -0.76391243],6.827866819930159e-06
[ 0.51798497  0.09687017  0.03155082 -0.27366527  0.99014169  0.91081258 -0.99471968  0.22875697 -0.46993259 -0.76391241],6.827866804197595e-06
[ 0.09687017  0.03155082 -0.27366527  0.99014169  0.91081258 -0.99471968  0.22875697 -0.46993259 -0.76391243 -0.76391243],6.994772635815035e-06
[ 0.09687018  0.03155082 -0.27366527  0.99014169  0.91081258 -0.99471968  0.22875697 -0.46993259 -0.76391243 -0.76391243],6.994772774176451e-06
[ 0.09687017  0.03155084 -0.27366527  0.99014169  0.91081258 -0.99471968  0.22875697 -0.46993259 -0.76391243 -0.76391243],6.994772764172571e-06
[ 0.09687017  0.03155082 -0.27366526  0.99014169  0.91081258 -0.99471968  0.22875697 -0.46993259 -0.76391243 -0.76391243],6.994772753694408e-06


[-0.76391243 -0.76391243 -0.76391243 -0.76391241 -0.76391243 -0.76391243 -0.76391243 -0.76391243 -0.76391243 -0.76391243],0.44392056007298386
[-0.76391243 -0.76391243 -0.76391243 -0.76391243 -0.76391241 -0.76391243 -0.76391243 -0.76391243 -0.76391243 -0.76391243],0.44392056007216685
[-0.76391243 -0.76391243 -0.76391243 -0.76391243 -0.76391243 -0.76391241 -0.76391243 -0.76391243 -0.76391243 -0.76391243],0.4439205600715099
[-0.76391243 -0.76391243 -0.76391243 -0.76391243 -0.76391243 -0.76391243 -0.76391241 -0.76391243 -0.76391243 -0.76391243],0.4439205600710125
[-0.76391243 -0.76391243 -0.76391243 -0.76391243 -0.76391243 -0.76391243 -0.76391243 -0.76391241 -0.76391243 -0.76391243],0.4439205600706746
[-0.76391243 -0.76391243 -0.76391243 -0.76391243 -0.76391243 -0.76391243 -0.76391243 -0.76391243 -0.76391241 -0.76391243],0.443920560070496
[-0.76391243 -0.76391243 -0.76391243 -0.76391243 -0.76391243 -0.76391243 -0.76391243 -0.76391243 -0.76391243 -0.76391241],0.4439205600704763
[-0.76391243 -0.76391243 -0.76391243 -0.76391243 -0.76391243 -0.76391243 -0.76391243 -0.76391243 -0.76391243 -0.76391243],0.49264121921376847
[-0.76391241 -0.76391243 -0.76391243 -0.76391243 -0.76391243 -0.76391243 -0.76391243 -0.76391243 -0.76391243 -0.76391243],0.49264121921942694
[-0.76391243 -0.76391241 -0.76391243 -0.76391243 -0.76391243 -0.76391243 -0.76391243 -0.76391243 -0.76391243 -0.76391243],0.4926412192181423
[-0.76391243 -0.76391243 -0.76391241 -0.76391243 -0.76391243 -0.76391243 -0.76391243 -0.76391243 -0.76391243 -0.76391243],0.4926412192170176
[-0.76391243 -0.76391243 -0.76391243 -0.76391241 -0.76391243 -0.76391243 -0.76391243 -0.76391243 -0.76391243 -0.76391243],0.4926412192160533
[-0.76391243 -0.76391243 -0.76391243 -0.76391243 -0.76391241 -0.76391243 -0.76391243 -0.76391243 -0.76391243 -0.76391243],0.4926412192152489
[-0.76391243 -0.76391243 -0.76391243 -0.76391243 -0.76391243 -0.76391241 -0.76391243 -0.76391243 -0.76391243 -0.76391243],0.49264121921460424
[-0.76391243 -0.76391243 -0.76391243 -0.76391243 -0.76391243 -0.76391243 -0.76391241 -0.76391243 -0.76391243 -0.76391243],0.49264121921411913
[-0.76391243 -0.76391243 -0.76391243 -0.76391243 -0.76391243 -0.76391243 -0.76391243 -0.76391241 -0.76391243 -0.76391243],0.49264121921379334
[-0.76391243 -0.76391243 -0.76391243 -0.76391243 -0.76391243 -0.76391243 -0.76391243 -0.76391243 -0.76391241 -0.76391243],0.4926412192136265
[-0.76391243 -0.76391243 -0.76391243 -0.76391243 -0.76391243 -0.76391243 -0.76391243 -0.76391243 -0.76391243 -0.76391241],0.49264121921361836














[-0.75088781  0.87868049  0.77968532 -0.25475586 -0.41690311 -0.0479793  0.73876718 -0.70684216  0.9745826  -0.88237134],0.10692951531548199
[-0.7508878   0.87868049  0.77968532 -0.25475586 -0.41690311 -0.0479793  0.73876718 -0.70684216  0.9745826  -0.88237134],0.10692951531548199
[-0.75088781  0.8786805   0.77968532 -0.25475586 -0.41690311 -0.0479793  0.73876718 -0.70684216  0.9745826  -0.88237134],0.10692951531548199
[-0.75088781  0.87868049  0.77968534 -0.25475586 -0.41690311 -0.0479793  0.73876718 -0.70684216  0.9745826  -0.88237134],0.10692951531548199
[-0.75088781  0.87868049  0.77968532 -0.25475585 -0.41690311 -0.0479793  0.73876718 -0.70684216  0.9745826  -0.88237134],0.10692951531548199
[-0.75088781  0.87868049  0.77968532 -0.25475586 -0.41690309 -0.0479793  0.73876718 -0.70684216  0.9745826  -0.88237134],0.10692951531548199
[-0.75088781  0.87868049  0.77968532 -0.25475586 -0.41690311 -0.04797928 0.73876718 -0.70684216  0.9745826  -0.88237134],0.10692951531548199
[-0.75088781  0.87868049  0.77968532 -0.25475586 -0.41690311 -0.0479793  0.7387672  -0.70684216  0.9745826  -0.88237134],0.10692951531548199
[-0.75088781  0.87868049  0.77968532 -0.25475586 -0.41690311 -0.0479793  0.73876718 -0.70684215  0.9745826  -0.88237134],0.10692951531548199
[-0.75088781  0.87868049  0.77968532 -0.25475586 -0.41690311 -0.0479793  0.73876718 -0.70684216  0.97458262 -0.88237134],0.10692951531548199
[-0.75088781  0.87868049  0.77968532 -0.25475586 -0.41690311 -0.0479793  0.73876718 -0.70684216  0.9745826  -0.88237132],0.10692951531548199
[ 0.87868049  0.77968532 -0.25475586 -0.41690311 -0.0479793   0.73876718-0.70684216  0.9745826  -0.88237134 -0.88237134],0.10331899049722028
[ 0.8786805   0.77968532 -0.25475586 -0.41690311 -0.0479793   0.73876718-0.70684216  0.9745826  -0.88237134 -0.88237134],0.10331899049722028

[-0.0479793   0.73876718 -0.70684215  0.9745826  -0.88237134 -0.88237134 -0.88237134 -0.88237134 -0.88237134 -0.88237134],0.08460713378041711
[-0.0479793   0.73876718 -0.70684216  0.97458262 -0.88237134 -0.88237134 -0.88237134 -0.88237134 -0.88237134 -0.88237134],0.08460713378041711
[-0.0479793   0.73876718 -0.70684216  0.9745826  -0.88237132 -0.88237134 -0.88237134 -0.88237134 -0.88237134 -0.88237134],0.08460713378041711
[-0.0479793   0.73876718 -0.70684216  0.9745826  -0.88237134 -0.88237132 -0.88237134 -0.88237134 -0.88237134 -0.88237134],0.08460713378041711
[-0.0479793   0.73876718 -0.70684216  0.9745826  -0.88237134 -0.88237134 -0.88237132 -0.88237134 -0.88237134 -0.88237134],0.08460713378041711
[-0.0479793   0.73876718 -0.70684216  0.9745826  -0.88237134 -0.88237134 -0.88237134 -0.88237132 -0.88237134 -0.88237134],0.08460713378041711
[-0.0479793   0.73876718 -0.70684216  0.9745826  -0.88237134 -0.88237134 -0.88237134 -0.88237134 -0.88237132 -0.88237134],0.08460713378041711
[-0.0479793   0.73876718 -0.70684216  0.9745826  -0.88237134 -0.88237134 -0.88237134 -0.88237134 -0.88237134 -0.88237132],0.08460713378041711
[ 0.73876718 -0.70684216  0.9745826  -0.88237134 -0.88237134 -0.88237134 -0.88237134 -0.88237134 -0.88237134 -0.88237134],0.07966951932127411
[ 0.7387672  -0.70684216  0.9745826  -0.88237134 -0.88237134 -0.88237134 -0.88237134 -0.88237134 -0.88237134 -0.88237134],0.07966951932127411
[ 0.73876718 -0.70684215  0.9745826  -0.88237134 -0.88237134 -0.88237134 -0.88237134 -0.88237134 -0.88237134 -0.88237134],0.07966951932127411
[ 0.73876718 -0.70684216  0.97458262 -0.88237134 -0.88237134 -0.88237134 -0.88237134 -0.88237134 -0.88237134 -0.88237134],0.07966951932127411
[ 0.73876718 -0.70684216  0.9745826  -0.88237132 -0.88237134 -0.88237134 -0.88237134 -0.88237134 -0.88237134 -0.88237134],0.07966951932127411
[ 0.73876718 -0.70684216  0.9745826  -0.88237134 -0.88237132 -0.88237134 -0.88237134 -0.88237134 -0.88237134 -0.88237134],0.07966951932127411